14067384,38543360
15991064,40558592
16821088,42729472
15178360,43900928
15199232,43900928
15219744,43900928
15239864,43900928
15259328,43900928
15278776,43900928
16998144,44580864
17265808,44675072
16090688,47714304
16344232,47771648
14743616,47902720
15144232,48484352
17594848,48676864
17827728,48680960
19370376,50020352
19426728,50069504
22253920,53370880
22273336,53391360
17067344,53968896
17086072,53968896
19836504,55369728
14048120,38801408
15470832,40308736
15463560,45625344
15693168,45711360
15714040,45715456
15734584,45715456
15754640,45715456
15774104,45715456
15793552,45715456
18405224,47575040
16588632,50470912
18227864,50597888
13713016,51036160
15436568,51175424
14347352,39055360
15606048,40361984
15183784,44195840
15276352,44216320
15297224,44216320
15317736,44216320
15337792,44216320
15357256,44216320
17702032,45199360
15834032,47771648
17459392,48689152
17658592,48709632
14896912,48910336
15302688,48979968
17642152,50208768
19904936,52092928
21793264,54308864
15578000,55517184
17236680,55791616
18848896,56037376
20425496,58572800
21908992,60055552
15696152,61300736
17263880,61390848
18762912,61415424
14050928,38424576
15804488,41488384
16858424,42610688
15235640,43872256
15256512,43880448
15277056,43880448
15297112,43880448
15316576,43880448
15336024,43880448
17475912,44781568
17648664,44806144
16600720,48173056
16620168,48177152
14806432,49012736
14863432,49020928
16490656,49664000
16512328,49664000
17992032,49876992
18012448,49897472
19723320,51650560
20032632,51953664
21804056,53800960
15545904,54472704
19266888,56086528
19285632,56102912
22503272,61079552
22522016,61095936
17804984,61665280
17828872,61681664
20809928,61743104
20828672,61743104
15919064,61894656
15937808,61898752
18919952,62107648
18937512,62107648
21904984,62201856
21922544,62201856
16818592,62394368
16836152,62394368
19778200,62468096
19795744,62468096
22695632,62521344
22712544,62525440
17494320,62627840
17511232,62627840
20343416,62648320
20381144,62648320
23227128,62681088
23257896,62685184
18074472,62881792
18138040,62894080
21046808,62955520
21097488,62955520
23984224,63062016
24056752,63062016
18851016,63279104
18939504,63283200
21707488,63287296
21787328,63291392
24598960,63328256
24678448,63328256
19381480,63377408
19482048,63377408
22308168,63467520
22401576,63467520
25180392,63504384
17183376,63574016
19912184,63578112
20019576,63578112
22760712,63582208
14059848,38887424
15895568,40816640
15061552,44273664
15369656,44544000
15390800,44548096
15411344,44552192
15431432,44552192
15450896,44552192
15470344,44552192
15489792,44552192
18443024,46235648
18475056,46264320
13344976,48422912
13404640,48422912
15132136,49152000
15157720,49156096
16646824,49180672
16667240,49180672
18180576,49700864
18202104,49725440
19950520,51494912
20452400,52084736
22432008,54112256
14827328,54124544
16202096,54599680
16220824,54599680
14030904,38797312
15448824,40308736
15054800,44064768
15314336,44204032
15335208,44208128
15355752,44208128
15375808,44212224
15395304,44212224
15414752,44212224
17338184,45207552
17580944,45219840
16454264,48013312
13304608,48312320
14857128,48455680
15086056,49098752
16524104,49127424
16623648,49131520
17217296,49516544
18183488,49946624
18946288,50724864
19930152,51732480
20513016,52314112
15372536,55734272
14053408,38420480
15434632,39886848
15015120,43712512
15289040,43864064
15309912,43868160
15330456,43872256
15350544,43876352
15370040,43876352
15391424,43876352
15410904,43876352
17760456,45391872
18074040,45707264
17064360,48558080
17115040,48578560
14921416,48787456
14983152,48828416
16452240,48934912
16473912,48934912
18023928,49942528
18044344,49967104
19569960,51519488
19589392,51535872
21131480,53088256
21150912,53108736
14576592,54550528
14596008,54550528
16031040,54566912
16050472,54566912
17524136,54620160
17543568,54620160
19130616,56291328
19150048,56311808
20768552,59478016
20797488,59510784
22262472,60989440
22369120,61095936
15977704,61509632
15995248,61509632
17437304,61538304
17454848,61538304
18894368,61648896
18911912,61648896
20334464,61722624
20352008,61722624
21759896,61726720
21777440,61726720
15268224,61759488
15355152,61759488
16807776,61771776
16825320,61771776
18287704,61788160
18331272,61792256
19750800,61792256
19768312,61792256
21229464,61816832
14061568,38445056
15588728,40058880
15334128,44269568
15565440,44363776
15586312,44367872
15606856,44376064
15626944,44376064
15646408,44376064
15665856,44376064
15692168,44376064
17761544,45420544
17795912,44711936
16771600,48238592
13370312,48332800
15022664,48414720
15124584,48857088
16717952,49152000
16738712,48033792
18220632,48705536
18330672,48816128
20021752,50528256
21452160,51937280
15144104,52932608
15461328,52948992
16701312,53387264
16720760,53387264
17925256,53559296
17944704,53559296
19204120,54571008
14045688,38834176
15395848,40267776
15069536,44195840
15359448,44408832
15380576,44412928
15401120,44412928
15421176,44417024
15440672,44417024
15461928,44421120
15481408,44421120
17444504,45301760
17480032,45301760
16422792,48525312
13213136,48664576
14879840,48734208
14908200,48742400
16500992,49631232
16521768,49631232
18009256,49987584
18029296,50008064
19659240,51642368
19836448,51810304
21479024,53641216
21498456,53661696
15051304,54587392
15141024,54587392
16703328,54734848
16722760,54734848
18337104,55017472
19442208,56090624
20692848,57401344
20853320,57565184
22155448,60428288
14344928,38678528
16269336,41914368
15307800,45146112
15568032,45256704
15588904,45256704
15609416,45256704
15629472,45260800
15649952,45264896
15669432,45264896
17972784,46903296
18029984,46944256
16935000,49160192
16954448,49160192
14987560,50069504
15035008,50089984
16643024,50704384
16687152,50728960
18206264,51060736
18231104,51081216
19748088,52629504
19922192,52809728
21476456,54509568
21569888,54607872
14976720,55554048
15067544,55554048
16664680,55803904
16755904,55803904
18315280,55984128
18334712,56004608
20085840,57618432
21363048,59363328
14007624,38727680
15426672,40235008
16869904,43368448
15311808,44728320
15332680,44732416
15353224,44732416
15373280,44736512
15392776,44736512
15419480,44744704
15438960,44744704
15458440,44744704
15477920,44744704
15497400,44744704
15516880,44744704
15536360,44773376
12771904,38912000
12808840,38912000
12829416,38912000
12849416,38912000
12870576,38912000
13014376,38916096
13033856,38916096
13138472,38920192
13229504,38920192
13251856,38920192
13459040,39149568
13692872,39362560
13712336,39362560
13845328,39649280
13864792,39649280
14255752,39866368
14275232,39882752
13599064,39219200
13773360,39391232
13863200,39485440
13979696,39636992
13997976,39657472
14097368,39755776
14187848,39845888
14206128,39862272
14295680,39952384
14388384,40042496
14406664,40058880
13021496,40140800
13046200,40161280
13067888,40181760
13088664,40202240
13111656,40222720
13131712,40243200
13154408,40263680
13226280,40321024
13302504,40386560
13347056,40468480
13366520,40488960
14041088,38453248
15423808,39911424
16858912,42700800
15237408,43880448
15258552,43884544
15279096,43884544
15299152,43884544
15318616,43884544
15338064,43884544
15391712,43917312
15411192,43917312
15430640,43917312
15450088,43921408
15469568,43921408
15497992,43945984
15517472,43945984
15540736,43954176
15560216,43954176
15579664,43954176
15599112,43954176
12803200,38084608
12837000,38084608
13060272,38092800
13151776,38092800
13171256,38092800
13269256,38096896
13455648,38682624
13566880,38871040
13980104,38526976
15415664,40046592
15189560,45387776
16486808,46108672
18283488,49721344
18801048,49836032
20326736,50049024
20387032,50053120
21871808,51548160
21891240,51564544
23418416,53096448
23437848,53116928
16898184,54464512
16917616,54468608
15309944,54628352
15354336,54636544
16828864,54657024
16850520,54657024
18447928,55484416
18468344,55488512
20022984,56643584
20042416,56643584
21613760,56852480
21703560,56852480
15197832,57274368
15375600,57286656
16997384,57753600
17016816,57753600
18516016,57757696
18535448,57757696
20038280,59088896
20057712,59109376
21583056,60608512
21612696,60633088
15162696,46137344
16116632,46288896
14568672,39333888
16351032,41172992
15130096,44077056
15944720,47472640
17626016,47927296
18942632,49041408
19513808,49410048
20525744,49745920
21062384,50503680
21088312,50528256
22532368,51978240
22556272,51994624
15267080,52363264
15314240,52375552
16820056,52432896
16841728,52432896
18316016,52920320
18336432,52940800
19765512,54378496
19784960,53948416
21218408,55398400
21237856,55029760
14789520,55963648
14808968,55963648
16453088,57659392
16472536,57507840
17958976,57339904
17978424,56549376
19487248,57090048
19506696,57090048
20925552,57638912
20945000,57638912
22498672,59277312
22528312,58798080
15050712,42807296
15068960,42827776
15489568,43290624
15507816,43307008
15045096,42848256
15063344,42868736
14729296,44437504
14760480,44466176
15291520,43810816
15311544,43810816
14818672,43261952
14837992,43282432
15280936,43708416
15303072,43728896
14863400,43388928
14912264,43429888
14822000,45101056
14901088,45178880
15383016,45838336
15401744,45838336
14876208,45916160
14913224,45928448
15324960,45936640
15343672,45936640
14850592,46125056
14869304,46120960
15290120,46182400
15308832,46182400
14704248,47345664
14722960,47329280
16116136,47779840
16135384,47693824
14032848,38690816
15609632,40353792
15254080,45400064
16335648,45772800
17998152,48877568
19783208,49786880
19861248,49790976
21313736,50913280
21408848,51011584
22875256,52551680
22939544,52613120
24438928,54124544
24457656,54145024
16073560,55304192
16119624,55316480
17586648,55435264
17607600,55435264
19012592,56270848
19032304,56291328
20453064,57856000
20471792,57872384
22059632,59981824
22078360,59981824
15603016,59969536
15621112,58527744
17097032,57454592
17115112,56307712
18558384,54575104
18576480,54546432
19966696,53190656
19984792,53211136
21442424,54702080
21460520,54616064
22851992,56004608
22868904,55910400
16231736,55492608
16248648,55209984
17734480,55087104
17751392,54087680
19140800,54292480
19157712,54296576
20538192,54300672
20576168,54312960
21972632,54329344
21989544,54333440
15302136,54394880
15332968,54403072
16777072,54489088
16814864,54493184
18112592,54652928
18304504,54329344
19176992,54374400
19768352,54378496
19798256,52432896
21165408,52436992
21206456,51875840
22586008,51892224
22602920,51896320
13962184,38592512
15116880,39841792
16374880,41144320
15156736,44007424
16189568,44208128
17163832,49528832
19607224,49991680
19681344,49995776
21215488,51171328
21342312,51306496
22889744,52858880
22955928,52924416
24349016,54411264
24454928,54509568
15951536,55988224
15989080,56000512
17443664,56053760
17463080,56053760
18900504,56975360
18919936,56995840
20518680,59174912
20538112,59195392
22054352,60801024
22073784,60821504
14055448,38572032
16316152,40947712
15037376,43798528
16159056,44101632
17206984,47583232
18796016,48553984
19557872,48615424
21064136,49668096
21167432,49770496
22623624,51228672
22658656,51265536
24232144,52957184
24250888,52977664
13768872,38363136
14766360,39469056
15509864,40226816
16771832,41619456
15322872,44064768
18308240,45432832
18341704,48922624
20191664,49233920
21642320,50814976
21726928,50900992
23311952,52490240
23359960,52535296
16787744,53968896
16813792,53968896
15345680,54161408
15412168,54181888
16879768,54226944
16900720,54231040
18431912,54980608
18451624,54980608
19917696,55054336
19936424,55054336
21461408,56483840
21480136,56483840
14908888,56594432
14927616,56594432
16442320,56696832
16461032,56696832
17877832,56721408
17896560,56721408
19301904,57331712
19320632,56037376
20745480,57491456
20774416,57524224
22222368,58970112
22239912,58986496
15694008,59617280
15711552,59617280
17194392,59645952
17211936,59645952
18619720,59650048
18637264,59650048
20048496,60063744
20066040,60063744
21493048,60071936
21510592,60071936
22912864,60076032
22930408,60076032
16349168,59912192
16369208,59904000
17865144,59543552
17891440,59535360
19299568,57888768
19355120,57896960
20768072,57339904
20836584,57458688
22224360,56336384
22241272,56336384
15599416,55775232
15616312,55775232
17024656,55808000
17041568,55808000
18422352,55808000
18439232,55808000
19825304,55828480
19842216,55832576
21258480,56045568
21275328,56049664
22659184,56102912
22676032,55545856
16088776,55803904
16105624,55808000
17494400,55820288
17511248,55824384
18896536,55844864
18913384,55848960
20298784,55889920
20315632,55513088
21755856,55922688
21814528,55922688
23198720,55955456
23229472,55955456
16565736,56107008
16631368,55791616
17968040,55795712
18026912,55799808
18947832,55803904
19430632,55820288
19718552,55828480
20846312,55836672
20868824,55836672
22266712,55861248
22283560,55865344
23689336,55902208
23706168,55902208
17054760,56008704
17086632,56025088
18465608,56025088
18482424,56025088
19866200,56033280
19896776,56033280
21349232,56107008
21389320,56123392
22802544,56156160
22819392,56078336
24211336,55410688
24228184,55119872
17547280,55156736
17564128,55152640
18936856,55152640
18953672,55152640
20341488,55193600
20358336,55197696
21733792,55197696
21750640,55197696
23126416,55201792
23149592,55205888
24547872,55287808
24564720,55287808
17878984,55386112
17895832,55386112
19298160,55418880
19315008,55418880
20705216,55427072
20722064,55443456
22099496,55447552
22116344,55447552
23487712,55447552
23504528,55447552
16849080,55615488
16869224,55619584
18249536,55631872
18311952,55726080
19684168,55726080
14005680,38785024
15616560,40476672
15282704,45600768
17083928,46505984
18027152,49725440
19795256,50569216
19870048,50569216
21307376,51609600
21459616,51769344
23029544,53399552
23053784,53432320
24573016,54968320
24665504,54972416
15353024,55980032
15391384,55996416
16906920,56123392
16928152,56123392
18355080,56135680
18374528,56135680
19861560,56250368
19881008,56254464
21547320,56999936
21566768,56999936
14950488,57090048
14969936,57090048
16534784,57200640
16554216,57200640
18020408,57221120
18039840,57221120
19505648,57880576
19525080,57896960
21003400,59338752
21022832,59359232
22452976,60776448
22471224,60796928
15885576,61341696
15903824,61341696
17469712,61431808
17487960,61435904
18912984,61440000
18931232,61440000
20379872,61464576
20398120,61468672
21812640,61472768
21830888,61472768
23253544,61480960
23271792,61480960
16713928,61648896
16736832,61652992
18176224,61870080
18261208,61890560
19659320,61898752
19738864,61906944
21159480,61919232
21177096,61919232
22589672,61960192
22637016,61960192
16031680,62140416
16049296,62140416
17053464,62160896
17489936,62160896
17513672,62160896
18957184,62189568
19528080,62189568
20383288,62193664
20407024,62193664
21876648,62267392
21899160,62271488
23323440,62328832
23340288,62328832
16695168,62443520
16712016,62443520
18120568,62455808
18137416,62455808
19567904,62590976
19584752,62590976
21016584,62685184
21033432,62689280
22573888,62898176
22590736,62898176
23996112,62914560
24012960,62914560
17349856,63004672
17366704,63008768
18752088,63008768
18768904,63008768
20171560,63025152
20188408,63025152
21614064,63057920
21630912,63057920
23027032,63098880
23043880,63098880
24448768,63111168
24465616,63111168
17785160,63188992
17802008,63188992
19188768,63188992
19205584,63188992
20592688,63188992
20656336,63197184
22134360,63295488
22183736,63295488
23578688,63295488
23595504,63295488
16921936,47566848
16938784,47566848
15287688,49094656
15340632,49123328
15797912,49721344
15818168,49721344
15293320,49721344
15312304,49721344
15723248,49721344
15741248,49721344
15210440,49729536
15228472,49729536
15661328,49737728
15679360,49737728
16093056,49295360
16111088,49295360
15540912,49336320
15558944,49340416
15979392,49360896
16001424,49369088
15419080,49397760
15437112,49397760
15868456,49434624
15886424,49434624
16286360,49356800
16304328,48824320
15697432,48795648
15721440,48799744
16209688,48893952
16227560,48893952
15643048,48914432
15660920,48918528
16059984,48971776
16077856,48971776
17481848,49934336
17499720,49954816
16870032,50356224
16887904,50372608
16271128,51081216
16289000,51073024
15670896,51101696
15688768,51105792
17074792,51105792
17092632,51105792
16472928,50847744
16510312,50851840
15910288,50872320
15970344,50880512
17353512,50880512
17371352,50880512
16760584,50216960
16778456,50200576
16162096,50163712
16179968,50163712
17568136,50167808
17586008,50130944
16962424,49967104
16980296,47378432
16364680,47398912
16382552,47378432
17764064,47382528
15763440,47398912
17146608,47398912
17164480,47357952
16554208,47374336
16572080,47374336
15949304,47394816
15967176,47398912
17357888,47407104
17374576,47292416
16760096,47280128
16776784,47284224
16165264,47304704
16181952,46989312
17561296,46387200
17577984,46260224
16965784,46288896
17004376,46059520
16381928,45850624
16398616,45854720
17791696,45596672
17808384,45580288
17200816,45391872
17217504,45395968
16615880,45195264
16632568,45195264
18015152,45199360
18031840,45199360
17395568,45219840
17412256,45223936
16807680,45248512
16824368,45248512
16205016,45268992
16229624,45273088
17608672,43900928
17638768,42733568
17071880,42274816
17120528,42274816
16633904,42422272
16650592,42422272
18028008,42422272
18044664,42422272
17436352,42426368
17453040,42426368
16838664,42426368
16855320,42426368
18233976,42426368
18254584,42438656
17629944,42438656
17646600,42442752
17038288,42450944
17054976,42450944
16412848,42450944
16429536,42414080
17808888,42418176
17825576,42418176
17209392,42422272
17226080,42422272
16609208,42422272
16625864,42422272
18003072,42422272
18019728,42422272
17405000,42434560
17421688,42434560
16804168,42438656
16820856,42438656
18197144,42438656
18213800,42438656
17599968,42528768
17616656,42528768
18996792,42975232
19013480,42991616
20392016,44371968
20413552,44392448
17754496,44597248
17771200,44597248
19155080,45166592
19171768,45182976
20556080,46563328
20572768,46579712
17921808,46657536
17938496,46665728
19323480,46673920
19340168,46678016
16670552,46764032
16721240,46768128
18075776,46768128
18173224,46768128
19510984,46768128
19576296,46768128
16912280,46825472
16963352,46825472
18292760,46825472
18357560,46825472
19675776,46833664
19754240,46833664
17051000,46972928
14010760,38526976
15427608,40026112
15019040,43810816
15754824,47378432
18118384,48521216
18298440,48586752
19809696,48771072
19910192,48779264
21382080,50257920
21401528,50278400
22933088,51834880
22960312,51863552
24444760,53379072
24464208,53399552
15862672,53501952
15904032,53501952
17455592,53788672
17476544,53792768
18886192,54730752
18905920,54751232
20466632,57020416
20496184,57049088
22051184,60624896
22069912,60641280
15520472,61120512
15538568,61124608
16979984,61222912
16998080,61222912
18454096,61345792
18472192,61345792
19906784,61407232
19924880,61407232
21351744,61448192
21380048,61460480
22755520,61468672
22772432,61472768
16154256,61612032
16171168,61612032
17598256,61657088
17615168,61657088
19009104,61698048
19026000,61698048
20402440,61702144
20419352,61702144
21807048,61788160
21823960,61788160
15159552,61886464
15176464,61886464
16612024,61956096
16628936,61956096
18041736,61976576
18067208,61976576
19532920,61992960
19549832,61992960
20926256,61992960
20943136,61992960
22339376,62017536
22356288,62017536
15720584,62033920
15737496,62033920
17114128,62033920
17131008,62033920
18506272,62078976
18523184,62078976
19952360,62156800
19969272,62156800
21358928,62181376
21375776,62181376
22775088,62210048
22791936,62210048
16174488,46510080
16191336,46510080
15735376,45846528
15752224,45867008
14908888,47407104
14029976,38518784
15627528,40206336
15232328,45469696
17906384,46616576
17817320,49143808
19394480,49340416
19624104,50003968
21074944,50950144
21161592,51044352
22692776,52600832
22712224,52621312
24181576,54124544
24201024,54145024
15795016,54644736
15887928,54644736
17353416,54812672
17374368,54812672
18786544,55631872
18806272,55652352
20233656,57065472
20252400,57085952
21735808,58744832
21754552,58765312
15462200,60686336
15480944,60686336
16933016,60735488
16951760,60735488
18432824,60796928
18451568,60796928
19865416,60809216
19884160,60809216
21451816,60960768
21470560,60960768
14959704,45522944
14977264,45522944
15549264,45228032
15566824,45248512
15043496,44761088
15085776,44802048
14718560,46342144
14784136,46374912
15278704,45711360
15299656,45711360
14832168,45031424
14862704,45056000
15347504,45555712
15370968,45576192
14949128,45293568
14967840,45309952
14723728,46886912
14794984,46940160
14557296,47591424
15508448,47714304
15026000,47915008
15045064,47915008
15476040,47947776
15494120,47947776
15414736,48005120
15007856,48078848
16230744,48541696
14043088,38981632
15592320,40628224
15387408,45744128
16381200,46022656
17168016,49774592
19798496,50802688
19938216,50868224
21445864,51957760
21496432,52006912
23049424,53653504
23115528,53727232
24529120,55173120
24626328,55205888
15212720,55562240
15259880,55562240
16698712,55578624
16720384,55578624
18223800,55615488
18243528,55615488
19690680,55681024
19709424,55681024
21324736,56102912
21343480,56102912
14992112,57786368
15010856,57790464
16518648,57917440
16573336,57917440
18027512,57999360
18082200,57999360
19446616,58556416
19537328,58650624
20229480,59330560
21071328,60108800
21106160,60137472
22542152,61583360
22565592,61607936
16048864,62242816
16066408,62242816
17578464,62357504
17596008,62357504
19025032,62402560
19042576,62402560
20468216,62414848
20485760,62414848
21914040,62451712
21931584,62451712
23349816,62468096
23369872,62472192
16821152,62652416
16873888,62672896
18345704,62750720
18403248,62754816
19833888,62775296
19851432,62775296
21290712,62803968
21308256,62803968
22776760,62857216
22794304,62857216
16157656,62955520
16175200,62955520
17600600,62971904
17618144,62971904
19032824,62971904
19050336,62976000
20473112,62996480
20490656,62996480
21966392,63062016
21983872,63066112
23386216,63066112
23403664,63066112
16808168,47484928
16825648,47484928
15272392,49111040
15335272,49143808
15829912,47636480
15850168,47636480
15334912,47022080
15354144,47038464
15884176,47562752
15904168,47583232
15389656,47075328
15407672,47091712
15052864,46956544
15114352,46985216
15605960,47616000
15626216,47616000
15096448,47767552
15115464,47767552
15557368,47796224
15575400,47800320
15025456,47849472
14009984,38739968
15825656,40648704
16863536,43167744
15324800,44433408
17744808,48185344
19656600,49111040
19717856,49111040
21720536,50774016
21810128,50864128
23321688,52387840
23450440,52514816
16979216,53932032
17029768,53932032
15315752,54112256
15371768,54140928
16960960,54779904
16992736,54788096
18477752,54870016
18497464,54870016
20084088,56434688
20102816,56434688
21542136,56463360
21560864,56463360
15005112,56590336
15023840,56590336
16559560,56717312
16578288,56717312
17999872,56729600
18018600,56729600
19450560,57503744
19469288,57520128
20905952,58929152
20924680,58949632
22403784,60420096
22421328,60436480
15938792,60915712
15956320,60915712
17398624,60956672
17416168,60956672
18836968,60964864
18854512,60964864
20280448,60968960
20297992,60968960
21728760,60977152
21746304,60977152
23197504,60989440
23215032,60989440
16632536,61251584
16649448,61251584
18108944,61308928
18134480,61308928
19599960,61349888
19622072,61349888
21008232,61353984
21025144,61353984
22470992,61407232
22543160,61456384
15894096,61571072
15911008,61571072
17302776,61575168
17319688,61575168
18758536,61624320
18775448,61624320
14052552,38813696
16249152,41127936
15152224,44126208
15828296,44417024
18593504,49664000
19019112,49680384
20221696,49758208
20349232,49823744
21802944,51298304
21837960,51331072
23373392,52883456
23392824,52903936
16804816,54161408
16824248,54161408
15371600,54362112
15421960,54378496
16897240,54439936
16918192,54439936
18533880,55099392
18553592,55099392
20017464,55271424
20036192,55271424
21576648,57069568
21595376,57069568
15011760,57143296
15030488,57143296
16545592,57360384
16564352,57360384
18019496,57421824
18038224,57425920
19493528,58245120
19512256,58265600
20920672,59686912
20949608,59711488
22346312,61104128
22363856,61120512
15853368,61591552
15870912,61591552
17347760,61624320
17365304,61624320
14021264,38277120
15463176,39804928
16718224,42668032
15589024,44355584
17417432,47792128
17438160,47796224
19396624,48889856
19605840,48963584
21105160,50184192
21147936,50233344
22678648,51765248
22698096,51785728
24201296,53399552
24220744,53420032
15610720,53714944
15661448,53714944
17117584,53723136
17151456,53727232
18630160,54394880
18649872,54411264
20086856,56156160
20122168,56180736
21776952,59908096
21795680,59928576
15323104,60755968
15341200,60755968
16801976,60829696
16843600,60850176
18311704,60928000
18329800,60928000
19708464,60928000
19726528,60932096
21248432,61054976
21276736,61063168
22664576,61075456
22681488,61075456
16113888,61317120
16130800,61317120
17595608,61386752
17612520,61386752
18987048,61399040
19024840,61399040
20404712,61399040
20421592,61399040
21816504,61411328
21838320,61411328
15183184,61419520
15200096,61419520
16482408,61476864
16685528,61489152
18093896,61542400
18133288,61542400
18777400,61562880
19591672,61562880
19867616,61562880
20999408,61575168
21040480,61665280
22427952,61669376
22450576,61673472
15830656,61792256
15847568,61796352
17239600,61808640
17256512,61808640
18631776,61812736
18648688,61812736
20033504,61825024
20058392,61829120
21472080,61874176
14030664,38559744
15412368,40038400
15057544,43843584
15724600,47874048
17477264,48128000
18306000,48246784
19604464,49197056
19695208,49205248
21204520,50348032
21238400,50384896
22682704,51834880
22701448,51855360
24259856,53501952
24278600,53530624
16079672,53895168
16115512,53895168
17574272,53989376
17593016,53989376
19008400,55009280
19027200,55021568
20446096,56442880
20464840,56463360
22145872,60555264
22164616,60575744
15684760,61054976
15703504,61054976
17230624,61173760
14049432,38801408
15682040,40521728
15285528,45654016
17432072,46419968
17842536,49201152
19692288,49975296
19838288,50040832
21317928,51105792
21337376,51126272
22818568,52748288
22853568,52785152
14043472,38436864
15429736,39911424
16713648,41259008
15269224,43786240
16229056,47472640
18429792,48922624
18534104,48930816
20048208,49041408
20112752,49053696
21625592,50479104
21645024,50499584
14353560,39084032
16213568,41029632
15265176,45498368
17440856,48963584
18131488,49045504
20218720,50053120
14043456,38629376
15609944,40280064
15115168,43995136
15351096,44126208
17725864,48160768
19508800,49045504
19600840,49065984
21008648,49893376
14044344,38649856
15867136,40574976
15104432,43970560
15647352,44183552
16436104,44429312
17714240,48058368
19500688,49475584
14003064,38637568
15609688,40329216
15320872,45432832
17316464,49123328
19269600,50253824
19781536,50515968
13527096,38064128
15396680,40042496
16755528,42733568
15384520,44244992
17547912,48336896
19075376,48619520
19547312,49410048
21030984,50233344
21143376,50348032
13953600,38473728
15387920,40005632
15013680,43937792
15187936,44023808
18238752,45977600
17684440,48656384
19486104,49750016
19601120,49754112
13997304,37490688
15422480,39026688
15100880,42811392
15300568,42070016
17003152,43376640
14014552,38641664
15601048,40329216
16300520,41054208
15318504,44068864
18145368,44728320
18527512,46321664
19266944,46342144
20848216,47788032
21002792,46673920
22557680,46665728
22577128,46690304
24166512,48578560
24185960,48599040
15758456,49709056
15805064,49717248
17263144,49762304
17284816,49762304
18725344,50798592
18745776,50819072
20209360,52371456
20228808,52387840
21773904,54243328
21793352,54259712
15602416,57192448
15621160,57192448
17098176,57241600
17116920,57241600
18565496,57270272
18584240,57270272
20013208,57298944
13978744,38686720
15410448,40206336
15073464,44142592
15248072,44236800
16873640,48291840
19126152,48914432
19547448,49270784
21070160,50020352
21155216,50110464
22646536,51601408
22665984,51621888
24160440,53125120
24179888,53141504
14025520,38977536
16137600,41177088
15037536,44244992
15243584,44376064
18288296,46694400
19056536,49172480
19494280,49733632
21009712,50454528
21078168,50528256
22558736,52056064
22578168,52076544
24072704,53575680
24092136,53596160
15800112,53854208
15838832,53854208
17284680,53870592
17306336,53870592
18782816,54730752
18805016,54751232
20308712,56496128
20327440,56516608
21803896,58163200
21822624,58179584
15618208,60375040
15636936,60379136
17107160,60428288
17125888,60428288
18608336,60760064
18627064,60760064
20037648,60809216
20056376,60809216
21541096,60952576
21559824,60952576
15056008,61509632
15073552,61513728
16482176,61526016
16499720,61526016
17927304,61554688
17944848,61554688
19378448,61607936
19395992,61607936
20809768,61624320
20827312,61624320
22277632,61640704
22300328,61644800
14005176,38539264
15418512,40034304
16895696,42876928
15220312,44023808
17327472,44945408
17485312,48472064
19224328,49086464
19509496,49418240
21047720,50417664
21068928,50442240
22529464,51900416
22548896,51920896
24094160,53608448
24113592,53624832
15805576,54013952
15852944,54013952
17337416,54095872
13955048,38494208
15377152,40001536
15249912,45326336
15499304,45502464
17378624,46379008
17410048,49532928
19476176,49827840
19733752,50319360
21208608,51314688
21290968,51396608
22790496,53059584
22835784,53108736
24380072,54755328
24402704,54779904
16025128,55091200
16065640,55091200
17507344,55193600
17528312,55193600
18949368,56090624
18969096,56111104
20407464,57573376
13967072,38457344
15398992,39981056
15253408,45248512
15505528,45387776
17214600,45998080
17897664,49389568
19573632,49655808
19821504,49917952
21345184,51105792
21385536,51146752
22822864,52584448
22913000,52678656
15561232,53100544
15621616,53100544
17099152,53243904
17120808,53243904
18596976,53870592
18617392,53891072
20087968,55361536
20106696,55382016
21574064,56836096
21599008,56856576
15072000,57704448
15090728,57704448
16894880,59789312
16913608,59789312
18481144,59990016
18499856,59990016
19924240,60002304
19942968,60002304
21351560,60002304
13977312,38387712
15411272,39911424
15158288,44089344
15323368,44179456
15985600,47755264
17557784,48697344
19150680,48984064
19199672,48992256
20949224,50438144
21031648,50520064
22637224,52142080
22664544,52166656
24148928,53710848
24176248,53739520
16044184,54009856
16084528,53927936
17534168,52187136
17555840,51531776
14058704,38674432
16387032,42344448
15153984,43966464
15439016,44158976
17666376,48640000
19327960,48898048
19633984,49319936
14016744,38322176
15432648,39825408
16927992,42913792
15233336,44032000
18172600,45309952
17495456,48889856
19126984,49115136
19406472,49541120
20952840,50360320
21027280,50438144
22422696,51834880
22522576,51929088
24065144,53506048
24084592,53526528
15932272,53907456
15979872,53915648
17413984,53923840
17435656,53514240
18903968,54439936
18926184,53948416
20381776,53493760
20407424,53436416
21932712,54755328
21952160,54697984
15668624,58007552
15688072,58007552
17170944,57929728
17190392,57946112
18701064,58535936
18720512,58552320
20145680,58744832
20165128,58761216
21693144,59056128
21733528,58150912
15263272,58658816
15281520,58658816
16707944,58376192
16726192,58376192
18189032,58396672
18207280,58396672
19700336,58523648
19718584,58523648
21135544,58527744
21153792,58527744
22619856,58580992
22637400,58580992
16064880,58691584
16082424,58691584
17508256,58724352
17529728,58728448
18989184,58806272
19048552,58810368
20534280,58892288
20555504,58900480
14049848,38789120
15601808,40431616
16893352,43016192
16639264,44695552
17381328,48386048
17656720,48570368
19252336,48807936
19540928,49385472
21008984,50204672
21077344,50270208
22520392,51712000
22616632,51806208
24144376,53350400
24163808,53370880
14007784,38600704
15393592,40083456
16744264,41480192
15610360,45531136
16298528,45744128
16643144,49143808
19191336,49848320
19913480,50475008
21411040,51834880
21509120,51929088
22614360,53039104
23057976,53485568
23505856,53936128
24592544,54980608
14707256,55078912
16115504,55267328
16278296,55267328
17650048,55291904
17677272,55291904
19143424,56336384
19163432,56352768
20622040,57794560
20648224,57815040
22222280,59408384
22241696,59428864
16071240,61079552
16090656,61079552
17684280,61222912
17703680,61222912
19135400,61222912
19154784,61227008
20583736,61235200
20603152,61235200
22109856,61317120
22128088,61317120
15571640,61460480
15589872,61460480
17026256,61476864
17044488,61476864
18554664,61550592
18572896,61554688
20010976,61562880
20029208,61562880
21487768,61648896
21506000,61648896
22946120,61669376
22966864,61669376
16383920,61816832
16402152,61816832
17890568,61882368
17939024,61898752
19395368,61972480
19455320,61976576
20925152,62009344
20943384,62009344
22368536,62013440
22386768,62013440
14341616,38936576
15472256,40120320
15056800,44027904
15713712,44232704
15899440,44261376
15928256,44269568
16120184,44494848
16141568,44498944
16329808,44519424
16349288,44523520
16527280,44539904
16613216,44732416
16822368,44765184
16841832,44785664
13141904,45150208
13190088,45162496
13381896,45174784
13404472,45174784
13581208,45178880
13601656,45178880
14040184,38719488
16175640,40968192
15237512,45408256
16052048,45735936
16072920,45735936
16258432,45817856
16286560,45834240
16471120,45846528
16491416,45846528
16678608,46096384
16698088,46096384
16985744,46456832
17016032,46465024
13231480,46833664
13286136,46845952
13479768,46854144
13501456,46854144
13738720,46956544
13797592,46989312
13969600,46993408
13989064,46997504
14155408,46997504
14174840,46997504
13425800,40001536
13445264,40022016
13623480,40198144
13642944,40218624
13866040,40456192
13885504,40476672
14050520,40640512
14069984,40656896
14266880,40943616
14286344,40960000
13539640,40239104
13558456,40255488
13757360,40493056
13775640,40509440
13952472,40681472
13970752,40697856
14134168,40861696
13184928,40914944
13438928,41099264
13464336,41119744
13657488,41295872
13678264,41316352
13943128,41922560
13963184,41943040
14348960,38952960
15644480,40296448
15135032,43933696
16362672,44130304
16551264,44150784
16817944,44630016
17038528,44802048
17226344,44916736
17455192,44982272
17485448,44990464
17667944,45002752
17841616,45015040
18018104,45101056
18043176,45146112
13528680,40574976
13914176,40849408
14085944,40906752
14107616,40906752
14278432,40914944
13507864,40120320
13700592,40312832
13891168,40550400
13910616,40570880
14075216,40734720
14094664,40751104
13484968,40157184
13504416,40177664
13682024,40353792
13701472,40374272
13888600,40574976
13908048,40599552
14273512,40964096
14437088,41127936
14466744,41156608
13676384,40378368
13694648,40398848
13906432,40693760
13967848,38318080
15390264,39833600
16685664,41172992
15221480,43790336
15934376,44081152
16170376,44265472
16195336,44265472
16373400,44281856
16396504,44281856
16796816,44888064
16816296,44888064
17154032,44916736
17358312,44961792
17377760,44961792
13238568,39124992
13456608,39129088
13666648,39178240
13699144,39190528
13902672,39251968
13923104,39251968
13320432,38404096
13515768,38727680
13535216,38748160
13721512,38928384
13740960,38948864
13908736,39137280
14085752,39333888
14274872,39522304
13494840,38752256
13929104,39862272
14129024,40062976
14148472,40079360
14317608,40259584
14347264,40292352
14512392,40456192
13743416,39682048
13780528,39718912
14117640,40058880
14280168,40218624
14305136,40243200
14498048,40538112
13708248,39739392
13726512,39755776
13894136,39919616
14061664,40087552
14408496,40796160
14426760,40812544
14652448,41086976
14012536,38752256
15428432,40259584
15291720,45797376
15466864,45850624
17698848,46428160
21587224,51929088
17124560,55635968
14727080,55762944
14889696,55779328
17791088,55857152
18046088,55889920
19569896,56061952
19589624,56066048
21372800,57851904
14820432,57880576
14839176,57880576
17686816,57896960
17705544,57896960
19175504,58281984
20634048,59711488
22050672,61120512
22069416,61136896
15592384,62132224
17007936,62148608
18506088,62251008
19315288,62251008
19951792,62275584
13959432,38395904
15391080,39907328
16412456,40947712
15224896,44036096
15246040,44036096
16740696,44613632
18290176,48463872
22167096,51171328
17006320,53850112
17128920,53854208
16046088,54054912
16152944,54079488
17580384,54099968
19169528,54312960
19316144,54317056
21152568,56729600
21263776,56737792
17519736,56934400
18929528,57171968
19046056,57290752
20476560,58699776
20540992,58765312
21947240,60231680
16857864,61140992
19710408,61149184
19729696,61149184
15940712,61329408
15959280,61329408
18047536,61403136
20169608,60256256
20188192,58097664
21590952,59490304
16314384,58929152
19134128,58867712
19151528,58863616
20562840,58916864
20580240,58920960
14048352,38535168
15429768,40001536
16660880,42528768
15559040,44130304
15580184,44130304
15601000,44130304
15621056,44134400
15640552,44134400
15660000,44138496
15679480,44138496
15698960,44138496
15727416,44142592
15746896,44142592
15766344,44163072
15785824,44163072
12850912,38305792
12884912,38305792
12904392,38305792
12923872,38305792
12943352,38305792
12962832,38305792
12982312,38305792
13002896,38305792
14058440,38678528
16223592,40935424
15021696,43970560
15524384,44285952
15545256,44294144
15565800,44294144
15585856,44294144
15647720,44331008
15669088,44331008
15692672,44347392
15712152,44347392
15740576,44351488
15760056,44351488
15779536,44371968
15799016,44371968
15818464,44376064
12871224,38522880
12909152,38522880
12928600,38522880
12948048,38522880
12967496,38522880
12986944,38522880
13007496,38522880
13967944,38674432
15399864,40194048
15319840,45506560
15498496,45568000
17076144,46264320
20033544,50057216
22332080,52146176
23884632,53903360
23962768,53981184
17592240,55025664
14863328,55140352
15053008,55160832
17879248,55209984
18053792,55209984
19490712,55324672
22411936,56856576
18515160,56901632
20538896,58535936
15378168,60551168
15535144,60551168
18400808,60608512
21183240,60624896
21354744,60628992
16069800,60936192
16161312,60604416
19037904,60706816
20434344,60727296
20489432,59527168
21907048,59539456
23355480,58888192
13896312,38531072
14896408,39628800
15448144,40181760
16675984,41455616
15317536,44531712
15749808,44646400
16865560,44855296
13957600,38588416
15395248,40108032
16567512,41316352
15252352,44216320
16848280,45031424
18120832,49143808
22653152,52113408
17630216,54235136
15030088,54370304
15128576,54382592
16760544,54464512
19854744,56520704
14020424,38789120
15406048,40271872
15051408,44072960
15258648,44195840
15966432,47685632
20563648,49242112
14049504,38920192
15646712,40611840
15560480,46526464
16839320,46817280
20329376,50823168
13987160,38629376
15417808,40148992
16929920,43323392
15212552,44433408
18480416,48693248
14342080,39026688
16330144,41070592
14996000,43999232
15225664,44118016
15246536,44122112
15267080,44122112
15287168,44122112
15306664,44122112
15328032,44126208
15347512,44126208
15366960,44126208
15386408,44126208
15405856,44126208
15441088,44232704
15460568,44232704
15487616,44244992
15507096,44244992
15535920,44253184
15558016,44257280
13917000,39612416
14307400,38985728
15432224,40198144
15081400,44052480
15255992,44146688
13980168,38412288
15113504,39645184
16388976,40992768
15346064,43925504
15367144,43929600
15387624,43929600
15407616,43929600
15428904,43929600
15448288,43933696
15467704,43933696
15487088,43933696
15506472,43933696
15525856,43933696
15554216,43941888
15573632,43962368
15607672,43982848
15627088,43982848
12807800,38129664
12841736,38129664
12861120,38129664
13774976,38133760
13424144,37904384
13496288,37978112
14193560,39895040
14341824,40062976
14518888,40570880
15016312,42123264
15074968,42180608
14932664,42422272
15263720,42504192
14640056,42573824
15065488,42614784
14623752,42692608
14652608,42704896
15135288,42749952
14967264,44756992
14984728,44756992
15515600,44912640
15533064,44912640
15966352,44978176
15386704,46034944
16826896,46809088
16844360,46825472
15705480,47222784
15722944,47222784
15948792,47300608
15341016,47411200
16702120,47419392
16212144,47476736
17015848,47579136
17062240,47591424
13991456,38674432
15410488,40189952
16916520,43012096
15061992,44023808
15327248,44298240
15347792,44298240
15367848,44298240
15387312,44298240
15406760,44298240
15431496,44306432
15450976,44306432
15470424,44306432
15495360,44310528
15514840,44331008
15541872,44339200
15561352,44343296
12806816,38481920
12840520,38486016
12861704,38486016
12900736,38490112
13700336,39628800
13863080,39792640
14134336,40333312
14661592,41881600
14256696,42258432
14824416,42283008
14352632,42393600
14791616,42467328
14316704,38645760
15632136,40042496
15335296,45395968
15602248,45707264
15623120,45711360
15643664,45715456
15663752,45715456
15683216,45715456
15702664,45715456
15722112,45715456
15741560,45715456
15761008,45719552
15788040,45748224
15815152,45776896
15834632,45776896
15854112,45776896
15900064,45805568
15919480,45805568
14338984,40767488
13792448,40312832
14523512,41807872
14114360,41545728
14641992,42151936
14012576,38674432
15427000,40177664
15024472,43745280
15300040,44179456
15321184,44183552
15341728,44183552
15361784,44183552
15381248,44183552
15409008,44191744
15428488,44191744
15447936,44191744
15467384,44191744
15486832,44195840
15513880,44224512
15533360,44224512
15560424,44228608
15579904,44228608
15599352,44228608
12793728,38371328
12826864,38371328
14144488,38932480
14008816,38371328
15427080,39878656
15184888,45080576
15523608,45264896
15544480,45264896
15564992,45268992
15585080,45273088
15604576,45273088
15624024,45273088
15643472,45273088
15662920,45273088
15682368,45273088
15709368,45281280
15732632,45305856
15752112,45305856
15771560,45305856
12911280,39452672
12945112,39456768
12966296,39456768
13973272,38584320
15407760,40120320
15081008,44167168
15711688,44408832
15732776,44412928
15753320,44417024
15773408,44417024
15794792,44417024
15814272,44417024
15842728,44429312
15863120,44429312
15883400,44429312
15902848,44429312
15922296,44453888
15941776,44453888
15968848,44466176
12877904,38608896
12911448,38608896
12932600,38608896
12953360,38608896
12973792,38608896
13003280,38608896
13057288,38719488
13076672,38719488
13098400,38719488
13117752,38719488
13142552,38723584
13174888,38731776
13274936,39047168
13338816,39198720
13358184,39198720
13421456,39284736
13440120,39284736
13468960,39297024
13486440,39297024
13508248,39305216
13525728,39305216
13543208,39305216
13561576,39305216
13583928,39309312
13601408,39309312
13618856,39309312
13636304,39309312
13653752,39309312
13676008,39313408
13693488,39313408
13710936,39313408
13730264,39321600
13747744,39321600
13765224,39321600
13823064,39342080
13850144,39346176
13917472,39350272
13934952,39350272
13952400,39350272
13969848,39350272
14005968,39370752
14023448,39370752
14040928,39370752
14058408,39370752
14075888,39370752
14093368,39370752
14045432,38408192
15653448,40103936
15410520,45219840
16045712,45731840
16067112,45740032
16092864,45744128
16112952,45744128
16132448,45744128
16151928,45744128
16178960,45752320
16198440,45752320
16217888,45752320
16237336,45756416
16260600,45780992
13129752,39911424
13164560,39911424
13184040,39911424
13206656,39911424
13226136,39911424
13245616,39911424
13265096,39911424
13284576,39911424
13313536,39948288
13343208,40026112
13364560,40026112
13384040,40026112
13409464,40030208
13451648,40046592
13477544,40054784
13531064,40189952
13553256,40189952
13583360,40202240
13610168,40210432
13644656,40222720
13666856,40230912
13685136,40230912
13703384,40230912
13721632,40230912
13739880,40230912
13759016,40235008
13777296,40235008
13795544,40235008
13122112,40357888
13160160,40386560
13182976,40407040
13201256,40423424
13219536,40439808
13239720,40464384
13263104,40484864
13281384,40501248
13340632,40550400
13404360,40603648
13137288,40701952
13173496,40722432
13196208,40742912
13229120,40763392
13248712,40783872
13267976,40804352
13286848,40820736
13305128,40837120
13323408,40857600
13341688,40873984
13359968,40894464
13383000,40914944
13401280,40931328
13419560,40951808
13447992,40972288
13466208,40992768
13484424,41009152
13505608,41025536
13523824,41046016
13549968,41062400
13568184,41082880
13588136,41099264
13606352,41115648
13624568,41136128
13642784,41152512
13661000,41168896
13679216,41189376
13698432,41205760
13716648,41222144
13734864,41242624
13753080,41259008
13771296,41279488
13791432,41295872
13809648,41312256
13827864,41332736
13846080,41349120
13864296,41365504
13882512,41385984
13900728,41402368
13918944,41418752
13937160,41439232
13955376,41455616
13977808,41476096
13996024,41492480
14016352,41508864
14037112,41553920
14055328,41570304
14093432,41603072
14134744,41684992
14189864,41734144
14222576,41762816
14007440,38576128
15637896,40304640
15293336,45776896
15774192,45944832
15797440,45948928
15822096,45957120
15842184,45957120
15861680,45957120
15881160,45957120
15900640,45957120
15927672,46002176
15947152,46002176
15966600,46002176
15993672,46030848
16013152,46030848
16032600,46030848
16053832,46030848
13006736,40169472
13040424,40173568
13059904,40173568
13079384,40173568
13105784,40177664
13127328,40181760
13152256,40181760
13171704,40181760
13215696,40271872
13284920,40468480
13316144,40484864
13335608,40484864
13355072,40484864
13414328,40546304
13460152,40574976
13489680,40583168
13524352,40595456
13544480,40603648
13567088,40607744
13585368,40607744
13603616,40607744
13621864,40607744
13640112,40607744
13658360,40607744
13698544,40628224
13716824,40632320
13735104,40632320
13753384,40632320
13044360,40747008
13078072,40771584
13096352,40787968
13114632,40804352
13132912,40824832
13213712,40890368
13269304,40939520
13334352,41009152
13352600,41025536
13370848,41046016
13407768,41082880
13426016,41099264
13444264,41115648
13058880,41197568
13081592,41218048
13102096,41234432
13121688,41254912
13140952,41271296
13164632,41295872
13182976,41312256
13201256,41332736
13227312,41353216
13245528,41373696
13263744,41394176
13281960,41410560
13303144,41426944
13321360,41447424
13347408,41467904
13365624,41492480
13383840,41508864
13402056,41525248
13423704,41545728
13441920,41562112
13460136,41586688
13478352,41603072
13496568,41619456
13514784,41639936
13533000,41656320
13553760,41672704
13571976,41697280
13590192,41713664
13608408,41730048
13626624,41750528
13644840,41766912
13663056,41783296
13681272,41803776
13699488,41820160
13717704,41836544
13735920,41857024
13758408,41877504
13776624,41897984
13794840,41914368
13815168,41934848
13835864,41971712
13896912,42033152
13925520,42061824
13978824,42110976
14021008,42156032
14059880,42266624
14078096,42287104
14096312,42303488
13962112,38322176
15097088,39550976
16870952,42606592
15224648,43896832
15245520,43900928
16656192,44519424
17074008,48476160
22069016,51015680
16887440,53534720
18334648,53604352
17050304,53723136
17160280,53727232
18660200,53964800
20488544,56188928
15500888,57135104
16972736,57167872
18442112,57176064
19909792,58281984
21388016,59736064
22834728,61169664
13963904,38481920
15382992,39985152
15046664,43642880
15236760,43720704
15257904,43732992
15339064,43745280
18073920,45744128
19683184,48852992
23816048,52559872
17091896,53612544
16390968,53846016
16931104,53874688
18037488,53891072
19679088,54018048
21421864,56762368
14992696,56938496
16440392,56983552
16459136,56983552
19267256,57536512
22088848,60317696
15520384,61108224
15590096,61108224
17021504,61116416
18261344,61124608
19879672,61128704
19898416,61128704
21323672,61132800
21342416,61132800
22773880,61132800
16099560,61198336
17544392,61321216
20350896,61341696
20369640,61341696
14230080,38768640
15363000,39993344
15172120,45826048
15446880,45993984
17939400,46870528
19096416,49885184
19274920,50012160
21018064,51744768
21108584,51834880
22621968,53354496
22789496,53522432
24272696,55009280
24300016,55033856
15793208,55463936
15834608,55463936
17276320,55463936
17296256,55463936
18762432,56283136
18781880,56303616
20265064,57753600
20284512,57774080
21782960,59318272
21802408,59334656
15640016,61198336
15659464,61198336
17220824,61300736
17240272,61300736
18708048,61329408
13981744,38412288
15413192,39927808
16750184,41340928
15691928,45367296
15713072,45375488
15733616,45375488
15753672,45375488
15773136,45375488
15792584,45375488
15812032,45375488
15848056,45387776
15871912,45395968
15891392,45395968
15910840,45416448
15930320,45416448
12897824,39559168
12931824,39559168
12951272,39559168
12970720,39559168
13671680,39374848
14056984,39755776
14385496,40669184
13810592,40116224
13839472,40132608
14418832,40837120
14571800,40996864
14274384,43368448
14300408,43368448
14860424,43405312
14879872,43405312
14393696,43446272
14413144,43446272
14964440,42528768
14994080,42541056
14534936,41783296
14574072,41820160
15031304,42262528
15049552,42283008
14561536,41783296
14579752,41799680
15087216,42311680
15105464,42328064
14359224,43302912
14415328,43356160
15305136,45572096
15326792,45576192
15871800,46227456
15892216,46252032
15380128,46911488
15399544,46911488
14976040,48054272
15031664,48058368
14043464,38338560
15777328,41381888
15054408,43569152
15378656,43859968
15399528,43864064
15420072,43864064
15440128,43864064
15461464,43868160
15485840,43872256
15506296,43872256
15531112,43954176
15550592,43954176
15570040,43954176
15598464,43986944
15617944,43986944
15645064,43995136
15664544,43995136
15683992,43995136
15712088,43999232
13812096,38051840
13858232,38096896
13646680,39063552
13666648,39084032
14304640,39804928
14324088,39825408
14093192,40230912
14112640,40251392
14648560,40767488
14667992,40787968
14276968,42242048
14296400,42242048
14819080,42336256
14838512,42336256
14432552,42557440
14454816,42565632
14985680,42655744
15003928,42655744
15480648,42692608
14494032,42704896
14984040,42749952
15002288,42749952
15536008,42835968
15554256,42835968
15445856,45342720
15464104,45342720
16061552,45547520
16079800,45547520
14028736,38535168
15415968,40013824
16966120,42946560
15347600,44212224
15368472,44220416
15389016,44224512
15409104,44224512
15428568,44224512
15448016,44224512
15469352,44224512
15488800,44224512
15508248,44228608
15527728,44228608
15552440,44253184
15571920,44253184
15591400,44253184
12810328,38408192
12844904,38408192
12864352,38408192
13827160,38883328
13846624,38903808
13586736,39903232
13622360,39940096
14250208,40624128
14269672,40644608
14108168,40804352
14126912,40824832
14671200,42430464
14689944,42446848
14216680,42803200
14235424,42803200
14747648,42835968
14766392,42835968
14358272,42926080
14375832,42926080
14822296,42926080
14839856,42926080
15328592,42987520
15346152,42991616
14837416,43053056
14854976,43053056
15360856,43147264
14037320,38522880
15474312,40050688
16119264,40701952
15303520,43794432
15324392,43794432
15344952,43794432
15365040,43794432
15386424,43806720
15405904,43806720
15425352,43806720
15444800,43806720
15464248,43806720
15483696,43806720
15512120,43913216
15531600,43933696
15558680,43945984
15578160,43945984
12762904,38088704
12800224,38100992
12819704,38100992
13777280,38137856
13441752,38633472
13534288,38727680
14294720,39792640
14017232,39940096
14586912,40476672
15033488,41943040
14105976,41967616
14960120,42082304
15136752,42082304
14733408,42168320
15169688,42184704
14680504,42274816
15193776,42356736
15001120,45277184
14044592,38260736
15801808,40103936
15106824,43855872
15339976,43958272
15361120,43962368
15381664,43962368
15401720,43966464
15423104,43966464
15442552,43966464
15462000,43966464
15481448,43966464
15500896,43966464
15520344,43966464
15547344,43995136
15566824,43999232
15593880,44007424
15613360,44007424
12805528,38133760
12839768,38133760
13800600,38457344
13877432,38535168
13674464,39575552
13693928,39591936
14325968,40325120
14345432,40341504
14178208,40677376
14197672,40697856
14727144,42258432
14746592,42278912
14313120,42565632
14332568,42565632
14878152,42627072
14897600,42627072
14536632,44044288
14557488,44044288
15098536,44118016
15116800,44118016
14649816,44371968
14668080,44371968
15194280,44421120
15212544,44425216
14759064,44511232
14777328,44511232
15630424,45060096
15648672,45060096
16249280,45379584
16267512,45400064
15744080,46329856
15764744,46329856
15223344,47394816
15279864,47415296
16795432,47456256
16833952,47456256
16346144,47529984
16364448,47529984
15859864,47665152
15896688,47689728
17450472,47792128
17468720,47792128
16939224,47845376
16956768,47845376
16434120,47890432
16451664,47890432
15898256,47947776
15915800,47947776
13968944,38490112
15102280,39718912
16331272,40968192
15290824,45383680
15525856,45465600
15546400,45473792
15566488,45477888
15585984,45477888
15605432,45477888
15624880,45477888
15644328,45477888
15663776,45477888
15692200,45481984
15711680,45481984
12879712,39669760
12921744,39669760
12944656,39669760
12966328,39669760
12987088,39669760
13008432,39669760
13992992,39964672
14124480,40112128
13850544,39915520
13869928,39940096
14504152,41848832
14523536,41865216
14413696,42749952
14432376,42749952
14931384,42868736
15003408,42917888
14494336,41111552
14513000,41132032
15006760,41627648
15035632,41656320
13967256,38359040
15386264,39866368
16870592,42631168
15145032,43741184
15226816,43790336
15247360,43790336
15267416,43790336
15286880,43790336
15306328,43790336
15327664,43798528
15347144,43798528
15366592,43798528
15386040,43798528
15405488,43798528
15442144,43933696
15461624,43933696
15488688,43950080
15508168,43950080
15531968,43954176
13074032,38146048
13107968,38146048
13289104,38150144
13308584,38150144
13489480,38187008
13577416,38354944
13762360,38379520
13781840,38379520
14010888,38432768
14030368,38432768
13304104,37687296
13323584,37707776
13550112,37941248
13569544,37961728
13787960,38174720
13806224,38195200
14007976,38395904
14026240,38412288
14192544,38580224
14210808,38596608
13443624,37826560
13461888,37842944
13626528,38006784
13644792,38027264
13808488,38195200
13826720,38211584
14004032,38404096
14022296,38424576
14296400,39075840
14314664,39092224
13559720,38350848
13607016,38404096
13797776,38592512
13861912,38715392
14030984,38887424
14049248,38907904
14215256,39096320
14233520,39116800
14438800,39337984
14457064,39354368
13690880,38612992
13709144,38633472
13910664,38842368
13928912,38858752
13438768,39100416
13492800,39141376
13674224,39313408
13701352,39337984
13898776,39522304
13919144,39546880
14089576,39710720
14108960,39731200
14276784,39899136
14296168,39915520
13407968,40185856
13461432,40214528
13641216,40382464
13662824,40402944
13833456,40566784
13855792,40587264
14024552,40751104
14050464,40771584
13520616,38154240
14764304,39501824
15428392,40189952
16087256,40861696
16910760,42967040
15280032,44118016
15300136,44118016
15319600,44118016
15339048,44118016
15358496,44118016
15377944,44122112
15399312,44122112
15418792,44122112
15438272,44122112
15466728,44130304
15486208,44150784
15505688,44154880
15532792,44167168
12774256,38318080
12808144,38318080
13164216,38371328
13183632,38371328
13379016,38383616
13398432,38387712
13642112,38866944
13694512,38944768
13876952,38961152
13896368,38961152
13132680,38043648
13169576,38084608
13373760,38285312
13406248,38313984
13598272,38510592
13627848,38535168
13809904,38723584
13833136,38748160
14031136,38948864
14049336,38965248
14216008,39137280
14234208,39149568
13471784,38391808
13489984,38408192
13654992,38572032
13673192,38588416
13837256,38752256
13860352,38776832
14068920,38985728
14091864,39002112
14258064,39174144
14294712,39211008
13579416,38600704
13610840,38629376
13789024,38805504
13836672,38858752
14029128,39047168
14047328,39067648
14213944,39264256
14250816,39301120
14453552,39522304
14471752,39542784
13705864,38793216
13724064,38809600
13395760,39047168
13428184,39075840
13607696,39251968
13626416,39268352
13901560,39862272
13919760,39882752
14108840,40050688
14127040,40067072
14290032,40230912
13210072,40312832
13494840,40534016
13558272,40587264
13735352,40767488
13756048,40787968
13938056,40968192
13958032,40988672
14127376,41156608
13667592,38219776
14770744,39399424
16090288,40755200
15394392,45568000
15628304,45645824
15653992,45649920
15674080,45649920
15693544,45649920
15712992,45649920
15732440,45649920
15760864,45666304
15780344,45670400
15807408,45678592
15834632,45690880
15854112,45711360
12885192,39837696
12922144,39837696
12942688,39837696
12962656,39837696
12982104,39837696
14043608,40435712
14119080,40517632
13699888,40132608
13775960,40206336
14319136,41189376
14412200,41275392
14240728,43429888
14283840,43429888
14852984,43470848
14872416,43470848
14371760,43483136
14414872,43483136
14964056,42500096
14993696,42504192
14521712,41771008
14539960,41787392
15041784,42307584
15103152,42364928
13959424,38268928
15381320,39772160
15346744,45293568
15574800,45375488
15595944,45383680
15616488,45383680
15636576,45383680
15656072,45383680
15675552,45383680
15695032,45383680
15714512,45387776
15733992,45387776
15760992,45391872
15788096,45494272
15807576,45494272
12951024,39636992
12985120,39636992
13004568,39636992
13041360,39641088
13060840,39641088
14041936,39931904
14533576,41115648
14843240,43012096
14746832,43094016
16611880,45637632
15233648,47104000
16989832,47931392
16384040,47972352
17288744,48173056
17455376,48177152
15910176,48361472
16493104,48431104
17435288,48664576
17584744,48685056
17845704,49147904
16646736,49180672
17455800,49270784
17575216,49270784
18044320,49340416
18474880,49405952
16529256,49422336
17264216,49598464
17400872,49598464
18026104,49688576
18120520,49688576
20795040,51785728
17090768,51937280
19659656,54038528
19819336,54050816
18552424,54079488
18784672,54083584
17288840,54083584
17441688,54087680
20034208,54091776
20168640,54104064
21282888,54140928
19014112,54169600
13678728,38068224
14992952,39473152
16687352,41242624
15243528,45146112
15470192,45211648
15490736,45211648
15510792,45215744
15530288,45215744
15549736,45215744
15575064,45228032
15594544,45228032
15613992,45228032
15642416,45236224
15661896,45236224
15689032,45264896
15710576,45264896
15730024,45264896
15751256,45264896
12854456,39399424
12882128,39399424
14027128,39800832
14372320,40493056
14228560,40407040
14479456,42250240
15152384,42995712
14327448,43016192
14889872,43286528
15034448,43286528
15686840,44445696
14815520,44449792
15565864,45252608
15694496,45256704
16058952,46399488
16262576,46645248
15699840,47632384
15848264,47632384
17244080,47677440
15359616,47702016
16810592,47841280
16922656,47845376
16300920,47910912
16449720,47910912
15795144,47988736
15966984,47988736
17323000,48013312
17438456,48013312
16747432,48128000
16940392,48128000
16217784,48185344
16412520,48193536
16011296,48795648
16099648,48820224
17524152,48852992
17631024,48869376
14067640,38539264
15598648,40157184
15557432,45424640
15785856,45498368
15806728,45502464
15827272,45506560
15847360,45506560
15866824,45506560
15886272,45506560
15905720,45506560
15941792,45527040
15961272,45531136
15980752,45531136
16000232,45555712
16019712,45555712
12994256,39706624
13028320,39710720
13053248,39710720
13074416,39714816
13501568,40415232
14165752,40439808
13680864,40034304
13799280,40148992
14589544,41136128
14609024,41152512
14327864,43180032
14440512,43188224
14884928,43220992
14982968,43220992
14489192,43274240
14508608,43274240
13854216,38342656
14970456,39546880
16916448,44986368
15448360,46186496
15469504,46190592
15490048,46190592
15510104,46194688
15529600,46194688
15549048,46194688
15568496,46194688
15587944,46194688
15607480,46194688
15626928,46194688
15653928,46202880
15673408,46231552
15707424,46243840
12865456,40386560
12899408,40386560
12919800,40386560
13973440,40878080
14041248,40943616
13752376,41840640
13771744,41861120
14400584,42475520
14419952,42496000
14229688,42467328
14249056,42487808
14795712,44118016
14815064,44138496
14352552,44490752
13987408,38621184
15594872,40321024
15374776,45924352
15602824,46002176
15623696,46006272
15644240,46006272
15664328,46006272
15683824,46006272
15703304,46006272
15722784,46006272
15742264,46006272
15761744,46006272
15788776,46116864
15815880,46145536
15835360,46145536
15854808,46145536
15889536,46166016
15909016,46166016
13977144,40677376
14057392,40755200
13717768,40931328
14868768,42246144
14551776,43028480
14657704,43134976
15198920,43655168
14221400,43655168
14788760,43765760
14808192,43765760
15346160,43966464
14226240,38780928
15097504,39731200
16811512,42758144
15596464,45531136
15617592,45531136
15638136,45531136
15658224,45535232
15677720,45535232
15702944,45580288
15722424,45580288
15741904,45580288
15761384,45580288
15788416,45588480
15815512,45662208
15834992,45662208
12935232,39804928
12969312,39804928
12988760,39804928
13008208,39804928
13343728,39866368
13694328,39886848
13980312,40271872
14198848,40378368
13459312,39608320
13478776,39628800
13662648,39809024
14071704,40218624
14227608,40374272
13438944,39596032
13751952,39907328
14185048,40398848
14355504,40587264
14521808,40751104
14551464,40783872
13732032,39972864
13750296,39989248
13931448,40202240
13949712,40222720
14118288,40390656
14600496,40935424
14618760,40955904
13440440,40275968
13846264,40648704
14041608,40869888
14063264,40890368
14264640,41070592
13661072,40390656
13851536,40587264
14024376,38539264
15488864,40087552
15362640,45502464
15589168,45654016
15610040,45662208
15630584,45670400
15650672,45670400
15670136,45670400
15689584,45670400
15709032,45670400
15728480,45670400
15747928,45670400
15776352,45678592
15803456,45707264
15822936,45707264
12946456,39849984
12980536,39849984
12999984,39849984
13019432,39849984
13353856,39903232
13373336,39903232
13559576,39907328
13579056,39907328
13809328,40075264
13843856,40087552
14094704,40235008
14114168,40235008
13380888,39399424
13400352,39415808
13582960,39600128
13602424,39624704
13801040,39829504
13820472,39845888
14005464,40038400
14026152,40058880
14218216,40284160
14236480,40300544
13520096,39604224
13538360,39620608
13702312,39788544
13720576,39804928
13884968,39972864
13903232,39989248
14066680,40153088
14084944,40173568
14267264,40353792
14285528,40370176
14544552,40685568
14567256,40701952
13859960,40058880
13887744,40083456
14101200,40296448
14133840,40329216
14348552,40697856
14366816,40714240
14551216,41054208
14569480,41070592
14744136,41234432
14762400,41246720
13996528,40448000
14014792,40464384
14217960,40665088
14236208,40681472
14407464,40845312
14425728,40865792
14621312,41041920
14688232,41172992
14882584,41353216
14900784,41369600
14157744,40574976
14183872,40595456
14357864,40763392
14436592,40804352
14600776,40968192
14618960,40984576
14781312,41144320
14799496,41164800
14962800,41328640
14980984,41345024
14248808,40550400
14266992,40566784
14056184,38916096
15411616,40357888
15086784,44191744
15319072,44351488
15339944,44355584
15360488,44355584
15380544,44355584
15400008,44355584
15419456,44359680
15438936,44359680
15464424,44367872
15483904,44367872
15503384,44367872
15530416,44396544
15553328,44425216
15580424,44433408
15608168,44445696
12785720,38576128
12821320,38576128
13166488,38617088
13185968,38617088
13367328,38621184
13397160,38625280
13631432,38891520
13666040,38907904
13888760,39034880
13908240,39034880
13197784,38473728
13228072,38506496
13437544,38739968
13466440,38764544
13748072,39784448
13767504,39804928
13958040,39993344
13978736,40017920
14176744,40214528
14195008,40230912
13426624,39477248
13444888,39493632
13608688,39661568
13626952,39677952
13791632,39841792
13809896,39862272
13297608,40112128
13366360,40157184
13552080,40333312
13573752,40349696
13759392,40534016
13781360,40554496
13978824,40747008
14032688,40796160
14220304,40980480
14281616,41033728
13277152,39845888
13352872,39899136
13550040,40083456
13584120,40112128
13758040,40288256
13778472,40304640
13955936,40480768
13975384,40501248
14172072,40734720
14191504,40755200
13438936,39858176
13460104,39874560
13681280,40099840
13708736,40128512
13932840,40349696
13952208,40370176
14117360,40534016
14136728,40554496
14310080,40722432
14329448,40742912
13628072,39960576
13649408,39981056
13813888,40144896
13840176,40165376
14005624,40329216
14024992,40349696
13985184,38674432
15416536,40194048
15372728,45621248
15638560,45727744
15659432,45731840
15679976,45731840
15700032,45731840
15719496,45731840
15738944,45731840
15758392,45731840
15777840,45731840
15797288,45731840
15816736,45735936
15852880,45768704
15872360,45768704
15891808,45768704
13001920,39944192
13035752,39948288
13377472,40009728
13398264,40013824
13583592,40017920
13603664,40017920
13804344,40099840
13829272,40103936
14093624,40222720
14124664,40235008
13419192,39546880
13438656,39567360
13610704,39743488
13630168,39759872
13869360,40054784
13888792,40075264
14057472,40247296
14103000,40304640
14260960,40460288
14409128,40607744
13529104,39759872
13554216,39788544
13711632,39944192
13729896,39964672
13896888,40132608
13922000,40157184
14079792,40312832
14104904,40341504
13382976,40562688
13422680,40599552
13594136,40767488
13614896,40787968
13793152,40960000
13847792,41000960
13953480,38604800
15375552,40112128
16279216,42205184
15246360,44085248
15267232,44085248
15288016,44089344
15308104,44089344
15327600,44089344
15347080,44089344
15366560,44089344
15391904,44134400
15417568,44142592
15437048,44142592
15465472,44150784
15484952,44171264
15520264,44183552
15539744,44183552
15560912,44187648
12798848,38334464
13871872,39084032
13931352,39145472
13654296,39317504
13674712,39337984
14282912,40005632
14302344,40022016
14089568,40275968
14108984,40292352
14623640,40779776
14696472,40816640
14210152,42229760
14229568,42229760
14719168,42246144
14738584,42246144
14251672,42295296
14269904,42295296
14751520,42299392
14769752,42299392
15239008,42299392
15257208,42299392
14771184,42373120
14789416,42373120
15310080,42450944
15327680,42450944
15235096,44994560
15252696,44994560
15846216,45228032
15863816,45228032
15304640,46292992
15322240,46297088
16741280,47030272
16792288,47091712
16268392,47390720
16332056,47394816
15783064,47435776
15800664,47435776
15294216,47550464
15330312,47628288
16770280,47661056
16787880,47661056
16278344,47755264
16295240,47755264
15691896,47783936
15708792,47783936
17113632,47796224
17130528,47800320
16543880,47824896
16568752,47833088
15997872,47894528
16014704,47894528
17417104,47906816
17433936,47906816
16835488,47939584
16866464,47939584
16261728,47972352
14376456,38928384
15676928,40280064
15073184,43819008
15333344,44060672
15354216,44064768
15374760,44064768
15394816,44064768
15414280,44064768
15435504,44064768
15454952,44064768
15474400,44064768
15493848,44068864
15513328,44068864
15540328,44097536
15559808,44097536
15586832,44105728
15606312,44105728
15625792,44105728
12801832,38256640
14029656,38965248
13795672,38731776
13492328,39325696
13635096,39485440
14257104,40165376
14292680,40198144
14127992,40505344
14163168,40538112
14695704,41025536
14715136,41046016
14274648,42446848
14294080,42446848
14792944,42475520
14006688,38805504
15797168,40751104
15117000,44326912
15380736,44535808
15401880,44539904
15422424,44539904
15442480,44544000
15461976,44544000
15481424,44544000
15500872,44548096
15520352,44548096
15539832,44548096
15566864,44556288
15586344,44576768
15613408,44584960
12794480,38723584
12829240,38723584
12848688,38723584
12869048,38723584
13193888,38764544
13970576,39243776
14034904,39309312
13604672,38948864
13624136,38969344
14267760,39903232
14287224,39923712
14136120,42147840
14155584,42147840
14694648,42418176
14714096,42418176
14271072,42442752
